&amp
&amp;
****
*****
******
0.0.0.000
0.0.000
0000
00000
000000
000000!@#
000000000
000000111
000000123
0000001234
000000123456
000000168
0000002020
0000002021
0000002022
0000002023
0000002024
0000002025
0000002026
000000520
000000666
0000006666
0000007
000000888
0000008888
000000999
000000@123
000001
000007
0001
0007
0069
007007
007bond
0101
010101
010203
0123
012345
0123456
01234567
020202
030303
0311
0420
050505
063dyjuy
0660
070462
0815
085tzzqi
090909
0911
0987
098765
09876543
1000
100000
1001
100100
1002
1003
1004
1005
1007
1008
1009
1010
101010
10101010
1011
1012
1013
1014
1015
1016
1017
1018
1019
1020
102030
1021
1022
1023
1024
1025
1026
1027
1028
1029
102938
1030
1031
1066
11001001
1101
1102
1103
1104
1107
1111
11111
111111
111111!@#
111111000
1111111
11111111
111111111
111111123
1111111234
111111123456
111111168
1111112020
1111112021
1111112022
1111112023
1111112024
1111112025
1111112026
111111520
111111666
1111116666
111111888
1111118888
111111999
111111@123
11112222
1112
111222
1113
1114
1115
1117
1120
1121
1122
112211
112233
11223344
1123
112358
11235813
1124
1125
1126
1127
1128
1129
1130
1134
1138
1200
1201
1202
1204
1205
120676
1207
1208
1209
1210
1211
1212
121212
12121212
1213
121314
1214
1215
1216
1217
1218
1219
1220
1221
1222
1223
1224
1225
1226
1227
1228
1229
1230
123098
1231
123123
123123!@#
123123000
123123111
12312312
123123123
1231231234
123123123456
123123168
1231232020
1231232021
1231232022
1231232023
1231232024
1231232025
1231232026
123123520
123123666
1231236666
123123888
1231238888
123123999
123123@123
1233
123321
1234
12341234
1234321
12344321
12345
123456
123456!@#
123456000
123456111
123456123
1234561234
123456123456
123456168
1234562020
1234562021
1234562022
1234562023
1234562024
1234562025
1234562026
123456520
123456666
1234566666
1234567
12345678
12345678!@#
12345678000
12345678111
12345678123
123456781234
12345678123456
12345678168
123456782020
123456782021
123456782022
123456782023
123456782024
123456782025
123456782026
12345678520
12345678666
123456786666
12345678888
123456788888
123456789
123456789!@#
1234567890
1234567890!@#
123456789000
1234567890000
1234567890111
1234567890123
12345678901234
1234567890123456
1234567890168
12345678902020
12345678902021
12345678902022
12345678902023
12345678902024
12345678902025
12345678902026
1234567890520
1234567890666
12345678906666
1234567890888
12345678908888
1234567890999
1234567890@123
123456789111
123456789123
1234567891234
123456789123456
123456789168
1234567892020
1234567892021
1234567892022
1234567892023
1234567892024
1234567892025
1234567892026
123456789520
123456789666
1234567896666
123456789888
1234567898888
12345678999
123456789999
123456789@123
12345678@123
12345679
123456888
1234568888
123456999
123456@123
123456a
123457
12345a
1234abcd
1234qwer
1234qwer!@#
1234qwer000
1234qwer111
1234qwer123
1234qwer1234
1234qwer123456
1234qwer168
1234qwer2020
1234qwer2021
1234qwer2022
1234qwer2023
1234qwer2024
1234qwer2025
1234qwer2026
1234qwer520
1234qwer666
1234qwer6666
1234qwer888
1234qwer8888
1234qwer999
1234qwer@123
1235
1236
123654
123789
123987
123aaa
123abc
123asd
123qwe
123qwe!@#
123qwe000
123qwe111
123qwe123
123qwe1234
123qwe123456
123qwe168
123qwe2020
123qwe2021
123qwe2022
123qwe2023
123qwe2024
123qwe2025
123qwe2026
123qwe520
123qwe666
123qwe6666
123qwe888
123qwe8888
123qwe999
123qwe@123
124038
1245
124578
1269
12locked
12qwaszx
1313
131313
13131313
1314520
1314520!@#
1314520000
1314520111
1314520123
13145201234
1314520123456
1314520168
13145202020
13145202021
13145202022
13145202023
13145202024
13145202025
13145202026
1314520520
1314520666
13145206666
1314520888
13145208888
1314520999
1314520@123
1331
134679
1357
13576479
13579
135790
1369
13777777777
13777777777!@#
13777777777000
13777777777111
13777777777123
137777777771234
13777777777123456
13777777777168
137777777772020
137777777772021
137777777772022
137777777772023
137777777772024
137777777772025
137777777772026
13777777777520
13777777777666
137777777776666
13777777777888
137777777778888
13777777777999
13777777777@123
13800138000
13800138000!@#
13800138000000
13800138000111
13800138000123
138001380001234
13800138000123456
13800138000168
138001380002020
138001380002021
138001380002022
138001380002023
138001380002024
138001380002025
138001380002026
13800138000520
13800138000666
138001380006666
13800138000888
138001380008888
13800138000999
13800138000@123
1411
1414
141414
14141414
142536
142857
143143
1432
1469
147147
147258
14725836
1478
147852
1478963
14789632
1492
1515
151515
151nxjmt
154ugeiu
15888888888
15888888888!@#
15888888888000
15888888888111
15888888888123
158888888881234
15888888888123456
15888888888168
158888888882020
158888888882021
158888888882022
158888888882023
158888888882024
158888888882025
158888888882026
15888888888520
15888888888666
158888888886666
15888888888888
158888888888888
15888888888999
15888888888@123
159159
159357
159753
159951
1616
161616
1624
1664
